IBNR share of incurred, by age:
2014   nan   nan  51.2  28.3  14.8  11.1   7.5   4.4   1.6   2.0
2015   nan  67.1  44.1  20.7   7.4   4.9   4.8   1.9   2.7   3.3
2016  87.3  62.3  35.4  18.8  12.2   8.0   2.4   3.0   4.6   3.2
2017  85.5  60.5  40.5  23.8  11.1   4.4   6.2   6.4   4.2   nan
2018  80.8  60.3  36.1  21.2  11.0  11.4   7.5   6.3   nan   nan
2019  83.0  63.3  40.7  18.4  15.1  12.8   8.1   nan   nan   nan
2020  86.0  60.6  36.1  27.2  21.7  14.2   nan   nan   nan   nan
2021  82.9  63.1  45.2  34.0  23.4   nan   nan   nan   nan   nan
2022  88.6  67.8  45.4  32.6   nan   nan   nan   nan   nan   nan
2023  91.4  70.3  50.2   nan   nan   nan   nan   nan   nan   nan
2024  91.6  76.6   nan   nan   nan   nan   nan   nan   nan   nan
2025  93.3   nan   nan   nan   nan   nan   nan   nan   nan   nan

Reported (case-incurred) $m by age:
2014    nan    nan   44.0   59.0   71.6   79.0   83.4   86.9   89.9   93.0
2015    nan   37.3   58.6   81.2   96.0  105.1  108.9  113.8  115.4  118.0
2016   17.5   47.2   81.4  103.1  109.9  121.7  132.3  137.0  141.6  146.7
2017   20.9   52.1   78.6   94.7  114.4  128.4  138.1  145.6  152.0    nan
2018   32.0   63.0   93.7  118.7  134.9  148.2  160.2  169.5    nan    nan
2019   36.5   71.5  112.4  153.5  173.9  198.9  218.4    nan    nan    nan
2020   33.5   83.4  132.3  168.6  214.5  254.6    nan    nan    nan    nan
2021   52.0  105.7  150.3  203.0  246.5    nan    nan    nan    nan    nan
2022   38.7   94.6  174.8  231.0    nan    nan    nan    nan    nan    nan
2023   31.8   98.1  167.2    nan    nan    nan    nan    nan    nan    nan
2024   30.1   80.8    nan    nan    nan    nan    nan    nan    nan    nan
2025   23.7    nan    nan    nan    nan    nan    nan    nan    nan    nan

Reported volume-weighted age-to-age factors (all AYs):
1 -> 2 2.3757 n= 9 [2.687, 2.489, 1.969, 1.961, 2.488, 2.032, 2.444, 3.083, 2.682]
2 -> 3 1.6073 n= 9 [1.569, 1.726, 1.51, 1.488, 1.571, 1.587, 1.422, 1.848, 1.704]
3 -> 4 1.3095 n= 9 [1.34, 1.387, 1.266, 1.205, 1.267, 1.365, 1.275, 1.35, 1.322]
4 -> 5 1.1832 n= 8 [1.214, 1.182, 1.066, 1.207, 1.137, 1.133, 1.272, 1.214]
5 -> 6 1.1318 n= 7 [1.104, 1.094, 1.107, 1.123, 1.098, 1.143, 1.187]
6 -> 7 1.0767 n= 6 [1.055, 1.036, 1.087, 1.075, 1.081, 1.098]
7 -> 8 1.0483 n= 5 [1.042, 1.046, 1.036, 1.055, 1.058]
8 -> 9 1.0322 n= 4 [1.035, 1.014, 1.034, 1.044]
9 -> 10 1.0308 n= 3 [1.034, 1.022, 1.036]

REPORTED chain ladder (vol-wtd, all AYs), tail 1.03:
(2016, 146.7, 1.03, 151.1, 151.6, -0.5)
(2017, 152.0, 1.062, 161.4, 158.7, 2.7)
(2018, 169.5, 1.096, 185.8, 180.9, 4.9)
(2019, 218.4, 1.149, 250.9, 237.6, 13.4)
(2020, 254.6, 1.237, 314.9, 296.5, 18.4)
(2021, 246.5, 1.4, 345.1, 321.7, 23.3)
(2022, 231.0, 1.657, 382.6, 342.5, 40.1)
(2023, 167.2, 2.169, 362.8, 335.6, 27.2)
(2024, 80.8, 3.487, 281.7, 345.7, -64.0)
(2025, 23.7, 8.283, 196.2, 352.0, -155.8)
tail 1.03 indicated minus carried: AY2016-23 129.4  AY2024-25 -219.7  total -90.3
tail 1.05 indicated minus carried: AY2016-23 171.2  AY2024-25 -210.4  total -39.2

paid factors {1: 4.293, 2: 2.022, 3: 1.579, 4: 1.339, 5: 1.217, 6: 1.141, 7: 1.106, 8: 1.062, 9: 1.058}
[(2016, 151.6, 0.0), (2017, 160.0, 1.3), (2018, 186.8, 5.9), (2019, 254.8, 17.2), (2020, 321.0, 24.5), (2021, 377.8, 56.1), (2022, 438.6, 96.1), (2023, 426.5, 90.9), (2024, 385.8, 40.1), (2025, 299.0, -53.0)]
paid tail 1.07 old 292.1 new -12.9
paid tail 1.1 old 357.0 new 6.3

incurred vol-wtd factors {1: 0.9117, 2: 0.9998, 3: 1.0541, 4: 1.068, 5: 1.084, 6: 1.0478, 7: 1.048, 8: 1.0346, 9: 1.0216}
inc tail 1.0 [(2016, 0.0), (2017, 3.4), (2018, 10.3), (2019, 25.6), (2020, 47.7), (2021, 83.1), (2022, 117.8), (2023, 139.8), (2024, 143.9), (2025, 102.5)] old 427.7 new 246.4
inc tail 1.02 [(2016, 3.0), (2017, 6.7), (2018, 14.1), (2019, 30.9), (2020, 54.5), (2021, 91.2), (2022, 127.0), (2023, 149.3), (2024, 153.7), (2025, 111.6)] old 476.8 new 265.3
